((("rbind" .
   [1 0 0 0 0])
  ("probit.class" .
   [1 0 0 0 0 0 0 0 0 0 0 0])
  ("error.mat" .
   [4 0 0 0 0 0 0 1 0])
  ("ifelse" .
   [1 0 0 0 0 0])
  ("rowMeans" .
   [0 0 0 0 1 0 0 1])
  ("probit.pred$beta" .
   [0 0 0 0 0 0 0 0 0 0 0 0 0 0 1 0])
  ("probit.pred" .
   [0 0 0 0 0 0 0 0 0 0 1])
  ("glm.pred" .
   [1 0 0 0 0 0 0 1])
  ("predict" .
   [1 0 0 0 0 0 0])
  ("type" .
   [1 0 0 0])
  ("lambda.min" .
   [1 0 0 0 0 0 0 0 0 0])
  ("testid" .
   [3 0 0 0 0 1])
  ("newx" .
   [1 0 0 0])
  ("cvglmpred" .
   [1 0 0 0 0 0 0 0 0])
  ("names" .
   [1 0 0 0 0])
  ("glm.beta" .
   [1 0 0 0 0 0 0 0])
  ("coef" .
   [1 0 0 0])
  ("cv.glmnet" .
   [1 0 0 0 0 1 0 0 0])
  ("sort" .
   [1 0 0 0])
  ("GeneNames" .
   [0 0 0 0 0 0 0 0 1])
  ("colnames" .
   [1 0 0 0 0 0 0 0])
  ("gam01" .
   [1 0 0 0 0])
  ("probi.re01$gamma" .
   [1 0 0 0 0 0 0 0 0 0 0 0 0 0 0 0])
  ("probit.re" .
   [1 0 0 0 0 0 0 0 0])
  ("colMeans" .
   [0 0 0 0 0 0 0 1])
  ("col" .
   [2 0 0])
  ("hist" .
   [2 0 0 0])
  ("runinorm" .
   [0 0 0 0 0 0 0 1])
  ("dunif" .
   [0 0 0 0 1])
  ("fval" .
   [1 0 0 0])
  ("gradlike" .
   [0 0 0 0 0 0 1 0])
  ("hesslike" .
   [0 0 0 0 0 1 0 0])
  ("hessian" .
   [0 0 0 0 0 0 1])
  ("wrapper" .
   [1 0 0 0 0 0 0])
  ("grad" .
   [3 0 0 0])
  ("hnew" .
   [3 0 0 0])
  ("t" .
   [1])
  ("negloglike" .
   [1 0 0 0 0 0 0 0 0 0])
  ("log" .
   [1 0 0])
  ("r" .
   [1])
  ("PLAN" .
   [0 0 0 1])
  ("EXPLAIN" .
   [0 0 1 0 0 0 0])
  ("Q1." .
   [1 0 0])
  ("Part" .
   [1 0 0 0])
  ("T.id" .
   [2 0 0 0])
  ("train.id" .
   [1 0 0 0 0 0 0 0])
  ("B.id" .
   [1 0 0 0])
  ("which" .
   [3 0 0 0 0])
  ("as.factor" .
   [0 0 0 0 0 0 0 0 1])
  ("feature" .
   [2 0 0 0 0 0 0])
  ("note" .
   [2 0 0 0])
  ("header" .
   [1 0 0 0 0 0])
  ("read.csv" .
   [0 0 0 0 1 0 0 0])
  ("ftau.dpi" .
   [2 0 0 0 0 0 0 0])
  ("zzest.dpi" .
   [2 0 0 0 0 0 0 0 0])
  ("Hpi" .
   [1 0 0])
  ("break" .
   [1 0 0 0 0])
  ("lscvloss" .
   [1 0 0 0 0 0 0 0])
  ("biftau" .
   [1 0 0 0 0 0])
  ("ftau.true" .
   [1 0 0 0 0 0 1 0 0])
  ("zzflag02" .
   [1 0 0 0 0 1 0 0])
  ("source" .
   [2 0 0 0 0 0])
  ("norm.hess" .
   [3 0 0 0 0 0 0 0 0])
  ("sigma3" .
   [1 0 0 0 0 0])
  ("sigma2" .
   [1 0 0 0 0 0])
  ("sigma1" .
   [1 0 0 0 0 0])
  ("mu3" .
   [1 0 0])
  ("mu2" .
   [1 0 0])
  ("mu1" .
   [1 0 0])
  ("xy" .
   [1 0])
  ("dbinorm" .
   [1 0 0 0 0 0 0])
  ("contpiece.est" .
   [0 0 0 0 0 0 0 0 0 1 0 0 0])
  ("contpiece" .
   [0 0 0 0 0 0 0 1 0])
  ("ymin" .
   [1 0 0 0])
  ("max" .
   [2 0 0])
  ("ymax" .
   [1 0 0 0])
  ("y" .
   [1])
  ("lge" .
   [1 0 0])
  ("lasso.exact.est" .
   [0 0 0 0 0 0 0 0 0 0 0 0 0 3 0])
  ("ridge" .
   [1 0 0 0 0])
  ("lee" .
   [2 0 0])
  ("nlam" .
   [2 0 0 0])
  ("i" .
   [1])
  ("ridge.est" .
   [1 0 0 0 0 0 0 0 1])
  ("ridge.exact" .
   [0 0 0 0 0 0 0 0 0 0 1])
  ("lasso.grad" .
   [3 0 0 0 0 0 0 0 1 0])
  ("gradi" .
   [3 0 0 0 0])
  ("scaled.a" .
   [1 0 0 0 0 0 0 0])
  ("scaled" .
   [0 0 0 0 0 1])
  ("stepsize" .
   [2 0 0 0 0 0 0 0])
  ("lasso.exact" .
   [0 0 0 0 0 0 0 0 1 1 3])
  ("cat" .
   [1 0 0])
  ("quiet" .
   [3 0 0 0 0])
  ("quite" .
   [1 0 0 0 0])
  ("lossnew" .
   [2 0 0 0 0 0 0])
  ("loss" .
   [1 0 0 0])
  ("lambda.vec" .
   [2 0 0 0 0 0 1 0 0 2])
  ("b.term" .
   [2 0 0 0 1 1])
  ("soft" .
   [2 0 0 0])
  ("p" .
   [3])
  ("scale" .
   [1 0 0 0 0])
  ("else" .
   [2 0 0 0])
  ("if" .
   [5 0])
  ("If" .
   [1 0])
  ("ai.norm" .
   [1 0 0 0 0 0 0])
  ("colSums" .
   [0 0 0 0 0 1 0])
  ("while" .
   [2 0 0 0 0])
  ("lossold" .
   [2 0 0 0 0 0 0])
  ("nite" .
   [6 0 0 0])
  ("lasso.loss" .
   [1 0 0 0 0 0 0 1 0 1])
  ("loss0" .
   [4 0 0 0 0])
  ("ncol" .
   [1 0 0 0])
  ("rss" .
   [1 0 0])
  ("re.glmnet$a0" .
   [1 0 0 0 0 0 0 0 0 0 0 0])
  ("re.glmnet$lambda" .
   [0 0 0 0 0 0 0 0 0 0 1 0 0 1 1 0])
  ("re.glmnet" .
   [1 0 0 0 0 0 0 0 0])
  ("m" .
   [1])
  ("g" .
   [3])
  ("re.svm.cd$x" .
   [1 0 0 0 0 0 0 0 0 0 0])
  ("re.cd$x" .
   [2 0 0 0 0 0 0])
  ("re.svm.cd" .
   [3 0 0 0 0 0 0 0 0])
  ("Atest" .
   [0 0 0 1 0])
  ("train.class" .
   [0 0 0 0 0 0 0 0 0 0 1])
  ("sign" .
   [3 0 0 0])
  ("re.svm.cst$x" .
   [2 0 0 0 0 0 0 0 0 0 0 0])
  ("re.svm.cst" .
   [1 0 0 0 0 0 1 0 0 1])
  ("lambar" .
   [1 0 0 0 0 1])
  ("lamnew" .
   [2 0 0 0 0 0])
  ("maxit" .
   [4 0 0 0 0])
  ("init" .
   [2 0 0 0])
  ("btrain" .
   [2 0 0 0 0 0])
  ("Atrain" .
   [2 0 0 0 0 0])
  ("as" .
   [1 0])
  ("warnings" .
   [3 0 0 0 0 0 0 0])
  ("as.numeric" .
   [0 0 0 0 0 0 0 0 0 9])
  ("min" .
   [3 0 0])
  ("StdNorm.re" .
   [0 0 0 1 1 0 0 0 0 0])
  ("re" .
   [8 0])
  ("mykdde" .
   [1 0 0 0 0 0])
  ("mykdde$estimate" .
   [0 0 0 0 0 0 0 0 0 0 0 0 1 0 0])
  ("contourLines" .
   [0 0 0 0 0 0 0 0 0 0 0 2])
  ("outer" .
   [4 0 0 0 0])
  ("gl$" .
   [1 0 0])
  ("gl" .
   [1 0])
  ("flights" .
   [1 0 0 0 0 0 0])
  ("biasexp08" .
   [3 0 0 0 0 0 0 0 0])
  ("biasexp05" .
   [3 0 0 0 0 0 0 0 0])
  ("legend" .
   [2 0 0 0 0 0])
  ("ft005resamp" .
   [0 0 0 0 0 0 0 1 0 0 0])
  ("ftau.resamp" .
   [0 0 0 0 0 0 0 1 0 1 0])
  ("fvalues" .
   [1 0 0 0 0 0 0])
  ("update.packages" .
   [0 0 0 0 0 0 0 0 0 0 0 0 0 0 1])
  ("install.packages" .
   [0 0 0 0 0 0 0 0 0 0 0 0 0 0 0 2])
  ("loss2" .
   [1 0 0 0 0])
  ("rmvnorm" .
   [0 0 0 0 0 0 1])
  ("loss1" .
   [1 0 0 0 0])
  ("n" .
   [6])
  ("sigma" .
   [2 0 0 0 0])
  ("id1" .
   [0 0 2])
  ("dev.off" .
   [13 0 0 0 0 0 1])
  ("pdf" .
   [13 0 0])
  ("lines" .
   [10 0 0 0 0])
  ("par" .
   [4 0 0])
  ("plot" .
   [17 0 0 0])
  ("loss.est" .
   [1 0 0 0 0 0 1 1])
  ("pnorm" .
   [5 0 0 0 0])
  ("abs" .
   [5 0 0])
  ("fx2" .
   [1 0 0])
  ("fx1" .
   [1 0 0])
  ("qchisq" .
   [0 0 0 0 0 1])
  ("save" .
   [5 0 0 0])
  ("loss.true" .
   [2 0 0 0 0 0 0 0 0])
  ("zzflag.est" .
   [1 0 0 0 0 0 0 0 0 1])
  ("h" .
   [2])
  ("evalp" .
   [3 0 0 0 0])
  ("rnorm" .
   [2 0 0 0 1])
  ("length" .
   [13 0 0 0 0 0])
  ("vector" .
   [1 0 0 0 0 0])
  ("l" .
   [8])
  ("zzflag" .
   [1 0 0 0 0 2])
  ("exp" .
   [4 0 0])
  ("dnorm" .
   [18 0 0 0 0])
  ("xxgrid" .
   [3 0 0 0 0 0])
  ("mcsize" .
   [4 0 0 0 1 0])
  ("mean" .
   [10 0 0 0])
  ("mesh" .
   [1 0 0 0])
  ("load" .
   [11 0 0 0])
  ("zztrue" .
   [8 0 0 0 0 0])
  ("rmixnorm" .
   [0 0 0 0 0 0 0 2])
  ("ftau" .
   [20 0 0 0])
  ("negbin" .
   [1 0 0 0 0 0])
  ("data" .
   [1 0 1 0])
  ("zeroinfl" .
   [0 0 0 0 0 0 0 2])
  ("vartaunseq" .
   [0 0 0 0 0 0 1 0 0 0])
  ("cov" .
   [1 0 0])
  ("covseq" .
   [1 0 0 0 0 0])
  ("varseq" .
   [1 0 0 0 0 0])
  ("det" .
   [1 0 0])
  ("nHseq" .
   [1 0 0 0 0])
  ("quantile" .
   [3 0 0 0 0 0 0 0])
  ("fftaunsamp" .
   [1 0 0 0 0 0 0 0 0 0])
  ("nrange" .
   [3 0 0 0 0 0])
  ("paste" .
   [0 0 0 0 1])
  ("mykde$cont" .
   [0 0 0 0 0 0 0 1 0 0])
  ("mykde" .
   [6 0 0 0 0])
  ("kde" .
   [7 0 0])
  ("print" .
   [4 0 0 0 0])
  ("hrange" .
   [13 0 0 0 0 0])
  ("in" .
   [22 0])
  ("sampsize" .
   [6 0 0 0 1 1 1 1])
  ("fvalue" .
   [16 0 0 0 0 0])
  ("pi" .
   [5 0])
  ("dmvnorm" .
   [1 0 0 0 0 0 1])
  ("var" .
   [3 0 0])
  ("apply" .
   [5 0 0 0 0])
  ("int.value" .
   [1 0 0 0 0 0 0 0 0])
  ("eval.mat" .
   [1 0 0 0 0 0 0 0])
  ("matrix" .
   [9 0 0 0 0 0])
  ("int" .
   [1 0 0])
  ("array" .
   [2 0 0 0 0])
  ("integral" .
   [1 0 0 0 0 0 0 0])
  ("var.true" .
   [1 0 0 0 0 0 0 0])
  ("nsamp" .
   [3 0 0 0 0])
  ("inv.grad.norm" .
   [1 0 0 0 0 0 0 0 0 0 0 0 0])
  ("igrad" .
   [1 0 0 0 0])
  ("mykde$estimate" .
   [2 0 0 0 0 0 0 0 1 1 0 0 0 0])
  ("sqrt" .
   [29 0 0 0])
  ("level" .
   [12 0 0 0 0])
  ("seq" .
   [8 0 1])
  ("tau" .
   [10 0 0])
  ("simx" .
   [9 0 0 0])
  ("cl" .
   [2 0])
  ("mvtnorm" .
   [0 0 0 1 0 0 0])
  ("ks" .
   [1 0])
  ("nav" .
   [1 0 0])
  ("glmnetout" .
   [1 0 0 0 0 0 0 0 0])
  ("FALSE" .
   [3 0 0 0 0])
  ("eval" .
   [1 0 0 0])
  ("list" .
   [5 0 0 0])
  ("sum" .
   [15 0 0])
  ("which.min" .
   [1 0 0 0 0 0 0 0 1])
  ("my.fused" .
   [0 0 1 0 0 0 0 0])
  ("testsize" .
   [2 0 0 0 0 0 0 0])
  ("samp" .
   [1 0 0 0])
  ("for" .
   [21 0 0])
  ("rep" .
   [20 0 0])
  ("error" .
   [3 0 0 0 0])
  ("nrow" .
   [2 0 0 0])
  ("floor" .
   [1 0 0 0 0])
  ("sample" .
   [7 0 0 0 0 0])
  ("cbind" .
   [5 0 0 0 0])
  ("function" .
   [22 0 0 0 0 0 0 1])
  ("gout" .
   [1 0 0 0])
  ("gout$a0" .
   [3 0 0 0 0 0 0])
  ("gout$beta" .
   [2 0 0 0 0 0 0 0 0])
  ("cout$beta" .
   [1 0 0 0 0 0 0 1 0])
  ("diag" .
   [7 0 0 0])
  ("crossprod" .
   [1 0 0 0 0 0 0 1 0])
  ("gc" .
   [3 0])
  ("gradl" .
   [0 0 0 0 1])
  ("lam" .
   [2 0 0])
  ("runif" .
   [0 0 0 0 1])
  ("lscheckgrad" .
   [1 0 0 0 0 0 0 0 0 0 0])
  ("weight" .
   [8 0 0 0 0 0])
  ("singlelslasso" .
   [0 0 0 0 0 0 0 0 0 0 0 0 1])
  ("c" .
   [6])
  ("updateactive" .
   [0 0 0 0 0 0 0 0 1 0 0 0])
  ("lmcheckgrad" .
   [0 0 0 0 0 1 0 0 0 0 0])
  ("tol" .
   [9 0 0])
  ("beta" .
   [7 0 0 0])
  ("start" .
   [3 0 0 0 0])
  ("dweight" .
   [4 0 0 0 0 0 0])
  ("check" .
   [3 0 0 1 0])
  ("df" .
   [6 0])
  ("active" .
   [5 0 0 0 0 0])
  ("jx" .
   [5 0])
  ("ix" .
   [3 0])
  ("update" .
   [1 0 0 0 0 0])
  ("lm" .
   [2 0])
  ("lambda" .
   [20 0 0 0 0 2])
  ("single" .
   [1 0 0 0 0 0])
  ("flag" .
   [5 0 0 0])
  ("return" .
   [27 0 1 0 1 0])
  ("glmnet" .
   [4 0 0 0 0 1])
  ("require" .
   [15 0 0 0 0 3 0])
  ("jilasso.so" .
   [0 0 1 0 0 0 0 0 0 0])
  ("system.time" .
   [0 0 0 0 0 1 0 0 0 0 0])
  ("dyn.load" .
   [0 0 0 1 0 1 0 0])
  ("as.double" .
   [0 0 0 1 0 0 0 0 0])
  ("TrainCp" .
   [0 0 0 0 0 0 1])
  ("tm_map" .
   [1 0 0 0 0 0])
  ("glmlasso" .
   [1 0 0 0 0 0 0 0])
  ("boxplot" .
   [1 0 0 0 0 0 0])
  ("flies" .
   [2 0 0 0 0])
  ("read.table" .
   [0 0 0 0 0 0 0 1 0 0])
  ("head" .
   [8 0 0 0])
  ("tail" .
   [1 0 0 0])
  ("attach" .
   [2 0 0 0 0 0])
  ("days" .
   [2 0 0 0])
  ("a" .
   [2])
  ("flies$days" .
   [0 0 0 0 0 0 0 0 1 0])
  ("summary" .
   [3 0 0 0 0 0 0])
  ("s" .
   [12])
  ("stem" .
   [1 0 0 0])
  ("sd" .
   [1 0])
  ("BodyTemp" .
   [0 0 0 0 1 0 0 0])
  ("raw" .
   [1 0 0])
  ("raw_data_corrected_sample_labels" .
   [0 0 0 0 0 0 1 0 0 0 0 0 0 0 0 0 0 0 0 0 0 0 0 0 0 0 0 0 0 0 0 0])
  ("raw_data_corrected_sample_labels_nonzero_rows" .
   [0 0 0 0 0 0 0 0 0 0 0 0 0 0 0 0 0 0 0 0 0 0 0 0 0 0 0 0 0 0 0 0 0 0 0 0 0 0 0 0 0 0 0 0 1])
  ("kept.g1.data" .
   [1 0 0 0 0 0 0 0 0 0 0 0])
  ("zero.rep.numb.per.gene" .
   [0 0 0 0 0 0 0 0 1 0 0 0 0 0 0 0 0 0 0 0 0 0])
  ("gene" .
   [1 0 0 0])
  ("fitted" .
   [1 0 0 0 0 0])
  ("rnegbinRw" .
   [1 0 0 0 0 0 0 0 0])
  ("MCMCnegbin" .
   [0 0 0 0 0 0 0 0 0 1])
  ("Volume" .
   [1 0 0 0 0 0])
  ("Diameter" .
   [1 0 0 0 0 0 0 0])
  ("surf3D" .
   [1 0 0 0 0 1])
  ("pfx" .
   [1 0 0])
  ("RK" .
   [3 0])
  ("afun" .
   [2 0 0 0])
  ("contpoint" .
   [0 0 0 0 0 0 0 1 3])
  ("fxx" .
   [16 0 0])
  ("fyy" .
   [15 0 0])
  ("numerator1" .
   [5 0 0 0 0 0 0 0 0 10])
  ("numerator2" .
   [4 0 0 0 0 0 0 0 0 1])
  ("numerator" .
   [0 0 0 0 0 0 0 0 1])
  ("bh1" .
   [18 0 0])
  ("bh2" .
   [27 0 0])
  ("phiprime" .
   [3 0 0 0 0 2 0 1])
  ("term1" .
   [7 0 0 0 0])
  ("term2" .
   [7 0 0 0 0])
  ("phipp" .
   [2 0 0 0 0])
  ("phiprim" .
   [0 0 0 0 0 0 3])
  ("bh1h1" .
   [5 0 0 0 0])
  ("term3" .
   [3 0 0 0 0])
  ("bh2h2" .
   [5 0 0 0 0])
  ("gh1h1" .
   [1 0 0 0 0])
  ("bh1h2" .
   [5 0 0 0 0])
  ("pnrom" .
   [1 0 0 0 0])
  ("term4" .
   [1 0 0 0 0])
  ("hold" .
   [4 0 0 0])
  ("fx" .
   [3 0])
  ("fy" .
   [2 0])
  ("bfun" .
   [1 0 0 0])
  ("getwd" .
   [2 0 0 0 0])
  ("rm" .
   [7 0])
  ("ls" .
   [6 0])
  ("str" .
   [10 0 0])
  ("abline" .
   [6 0 0 0 0 0])
  ("boston" .
   [4 0 0 0 0 0])
  ("target" .
   [5 0 0 0 0 0])
  ("targetmed" .
   [1 0 0 0 0 0 0 0 0])
  ("targetclass" .
   [3 0 0 0 0 0 0 0 0 0 0])
  ("axis" .
   [1 0 0 0])
  ("keepdims" .
   [1 0 0 0 0 0 0 0])
  ("SW1" .
   [1 0 0])
  ("SW2" .
   [1 0 0])
  ("linecache" .
   [0 0 1 0 0 0 0 0 0])
  ("plt" .
   [3 0 0])
  ("pX1" .
   [2 0 0])
  ("dot" .
   [1 0 0])
  ("label" .
   [2 0 0 0 0])
  ("alpha" .
   [1 0 0 0 0])
  ("loadtxt" .
   [1 0 0 0 1 0 0])
  ("delimiter" .
   [1 0 0 0 0 0 0 0 0])
  ("digits" .
   [1 0 0 0 0 0])
  ("eval.points" .
   [0 0 0 0 0 0 0 0 0 1 0])
  ("resampX" .
   [1 0 0 0 0 0 0])
  ("binned" .
   [1 0 0 0 0 0])
  ("TRUE" .
   [3 0 0 0])
  ("estimate" .
   [1 0 0 0 0 0 0 0])
  ("prob" .
   [1 0 0 0])
  ("ftauhat005" .
   [3 0 0 0 0 0 0 0 0 0])
  ("ftauhat" .
   [1 0 0 0 0 0 0])
  ("ftauhat02" .
   [3 0 0 0 0 0 0 0 0])
  ("ftauhat08" .
   [3 0 0 0 0 0 0 0 0])
  ("ftauhat05" .
   [1 0 0 0 0 0 0 0 0])
  ("file" .
   [1 0 0 0])
  ("set.seed" .
   [3 0 0 0 0 0 0 0])
  ("biasexp02" .
   [2 0 0 0 0 0 0 0 0])
  ("x" .
   [1])
  ("dim" .
   [4 0 0])
  ("functionBody" .
   [0 0 0 0 0 0 0 0 0 1 0 0])
  ("d" .
   [1])
  ("fxx.grid" .
   [1 0 0 0 0 0 0 0])
  ("fyy.grid" .
   [1 0 0 0 0 0 0 0])
  ("Hess" .
   [2 0 0 0])
  ("Hess.HausInt" .
   [0 0 0 0 0 0 0 1 0 0 0 0])
  ("grad.norm" .
   [1 0 0 0 0 0 0 0 2])
  ("hess.hausInt" .
   [0 0 0 0 0 0 0 0 0 0 0 1])
  ("Hess.LebInt" .
   [0 0 0 0 0 0 0 1 0 0 1])
  ("hess.lebInt" .
   [1 0 0 0 0 0 0 0 0 0 0])
  ("HDRrisk" .
   [1 0 0 0 0 0 0])
  ("Norm2dHDRvsLSCV.Rdata" .
   [0 0 0 0 0 0 0 0 0 0 0 0 1 0 0 0 0 0 0 0 0])
  ("values" .
   [1 0 0 0 0 0])
  ("hdr.h" .
   [1 0 0 0 0])
  ("rgamma" .
   [1 0 0 0 0 0])
  ("sim.sigma" .
   [0 0 0 0 0 0 0 0 1])
  ("Ybar1" .
   [1 0 0 0 0])
  ("Ybar2" .
   [1 0 0 0 0])
  ("sim.sigma2" .
   [1 0 0 0 0 0 0 0 0 0])
  ("hpdint" .
   [2 0 0 0 0 0])
  ("median" .
   [1 0 0 0 0 0])
  ("coal.sim" .
   [2 0 0 0 0 0 0 0])
  ("coal$year" .
   [1 0 0 0 0 0 0 0 0])
  ("ts.plot" .
   [1 0 0 0 0 0 0])
  ("coal.sim$sims.list" .
   [0 0 0 0 0 0 0 0 0 0 0 0 0 0 0 1 0 0])))
